Max Sharpe Ratio: 3.179569511589146
Max Index (carteiras): 9031
Max Indices: (0, 1, 2, 3, 4, 5, 6, 7, 8, 9, 10, 12, 13, 14, 15, 16, 17, 20, 21, 22, 23, 25, 27, 28, 29)
Max Weights: [0.05028061 0.0075772  0.02560515 0.02750282 0.00690677 0.0358597
 0.06524004 0.06915096 0.03871849 0.10661169 0.01081521 0.01893843
 0.03513886 0.02075085 0.02451951 0.00905094 0.10807567 0.00121609
 0.00467635 0.00426551 0.0413344  0.06205231 0.10124318 0.0161614
 0.10830789]

Tempo para executar o main: 473.92 segundos
